SD 15
GRD SUBSTRATE G 0 0 0 n 0 -1 0 0 0 0 0 0 0 -1 -10001 0 0
GRD bottom_diel D 0 0 1 n 0 -1 0 0 0.005 3.9 0 0 0 0 -10001 0 0
GRD BPR C 1 1 2 n 0 1.28568 0 0.005 0.095 0 0.0315 0.084 0 -1 -10001 0 0
GRD BPR_diel D 0 0 3 n 0 -1 0 0.005 0.095 3.9 0 0 0 0 -10001 0 0
GRD BOX_diel D 0 0 4 n 0 -1 0 0.095 0.118 3.9 0 0 0 0 -10001 0 0
GRD GATE C 2 2 5 n 0 0.14375 0 0.118 0.141 0 0.015 0.006 0 -1 -10001 0 0
GRD GATE_diel D 0 0 6 n 0 -1 0 0.118 0.125 7 0 0 0 0 -10001 0 0
GRD M0A C 3 2 7 n 0 0.1 0 0.125 0.141 0 0.015 0.006 0 -1 -10001 0 0
GRD M0A_diel1 D 0 0 8 n 0 -1 0 0.125 0.132 7 0 0 0 0 -10001 0 0
GRD ACT C 4 2 9 n 0 0.1 0 0.132 0.137 0 0.021 0.0215 0 -1 -10001 0 0
GRD M0A_diel2 D 0 0 10 n 0 -1 0 0.132 0.141 7 0 0 0 0 -10001 0 0
GRD V0A_diel D 0 0 11 n 0 -1 0 0.141 0.164 3.9 0 0 0 0 -10001 0 0
GRD M0B C 5 3 12 n 0 0.168748 0 0.164 0.191 0 0.011 0.01 0 -1 -10001 0 0
GRD M0B_diel D 0 0 13 n 0 -1 0 0.164 0.191 3.9 0 0 0 0 -10001 0 0
GRD V0B_diel D 0 0 14 n 0 -1 0 0.191 0.221 2.4 0 0 0 0 -10001 0 0
GRD M1 C 6 4 15 n 0 0.187617 0 0.221 0.251 0 0.015 0.015 0 -1 -10001 0 0
GRD M1_diel D 0 0 16 n 0 -1 0 0.221 0.281 2.4 0 0 0 0 -10001 0 0
GRD M2 C 7 5 17 n 0 0.187617 0 0.281 0.311 0 0.015 0.015 0 -1 -10001 0 0
GRD M2_diel D 0 0 18 n 0 -1 0 0.281 0.341 2.4 0 0 0 0 -10001 0 0
GRD M3 C 8 6 19 n 0 0.187617 0 0.341 0.371 0 0.015 0.015 0 -1 -10001 0 0
GRD M3_diel D 0 0 20 n 0 -1 0 0.341 0.401 2.4 0 0 0 0 -10001 0 0
GRD M4 C 9 7 21 n 0 0.59988 0 0.401 0.449 0 0.024 0.024 0 -1 -10001 0 0
GRD M4_diel D 0 0 22 n 0 -1 0 0.401 0.497 2.5 0 0 0 0 -10001 0 0
GRD M5 C 10 8 23 n 0 0.59988 0 0.497 0.545 0 0.024 0.024 0 -1 -10001 0 0
GRD M5_diel D 0 0 24 n 0 -1 0 0.497 0.593 2.5 0 0 0 0 -10001 0 0
GRD M6 C 11 9 25 n 0 0.59988 0 0.593 0.641 0 0.024 0.024 0 -1 -10001 0 0
GRD M6_diel D 0 0 26 n 0 -1 0 0.593 0.689 2.5 0 0 0 0 -10001 0 0
GRD M7 C 12 10 27 n 0 1.14286 0 0.689 0.769 0 0.04 0.04 0 -1 -10001 0 0
GRD M7_diel D 0 0 28 n 0 -1 0 0.689 0.849 2.5 0 0 0 0 -10001 0 0
GRD M8 C 13 11 29 n 0 1.14286 0 0.849 0.929 0 0.04 0.04 0 -1 -10001 0 0
GRD M8_diel D 0 0 30 n 0 -1 0 0.849 1.009 2.5 0 0 0 0 -10001 0 0
GRD M9 C 14 12 31 n 0 1.14286 0 1.009 1.089 0 0.04 0.04 0 -1 -10001 0 0
GRD M9_diel D 0 0 32 n 0 -1 0 1.009 1.169 2.5 0 0 0 0 -10001 0 0
GRD M10 C 15 13 33 n 0 3.04183 0 1.169 1.329 0 0.08 0.08 0 -1 -10001 0 0
GRD M10_diel D 0 0 34 n 0 -1 0 1.169 1.489 2.5 0 0 0 0 -10001 0 0
GRD M11 C 16 14 35 n 0 3.04183 0 1.489 1.649 0 0.08 0.08 0 -1 -10001 0 0
GRD M11_diel D 0 0 36 n 0 -1 0 1.489 1.809 2.5 0 0 0 0 -10001 0 0
GRD M12 C 17 15 37 n 0 16.8421 0 1.809 2.129 0 0.16 0.16 0 -1 -10001 0 0
GRD M12_diel D 0 0 38 n 0 -1 0 1.809 2.449 2.5 0 0 0 0 -10001 0 0
GRD M13 C 18 16 39 n 0 16.8421 0 2.449 2.769 0 0.16 0.16 0 -1 -10001 0 0
GRD M13_diel D 0 0 40 n 0 -1 0 2.449 3.089 2.5 0 0 0 0 -10001 0 0
GRD RDL C 19 17 41 n 0 59.2593 0 3.089 4.689 0 1.6 1.6 0 -1 -10001 0 0
GRD VBPR V 1 1 0 n 0 198.413 0 0.095 0.125 0 0 0 0 0 -10001 0 0
GRD GCON V 2 2 1 n 0 271.765 0 0.141 0.164 0 0 0 0 0 -10001 0 0
GRD V0A V 3 2 2 n 0 271.803 0 0.141 0.164 0 0 0 0 0 -10001 0 0
GRD V0B V 5 3 3 n 0 208.333 0 0.191 0.221 0 0 0 0 0 -10001 0 0
GRD V1 V 6 4 4 n 0 208.366 0 0.251 0.281 0 0 0 0 0 -10001 0 0
GRD V2 V 7 5 5 n 0 208.366 0 0.311 0.341 0 0 0 0 0 -10001 0 0
GRD V3 V 8 6 6 n 0 208.385 0 0.371 0.401 0 0 0 0 0 -10001 0 0
GRD V4 V 9 7 7 n 0 260.287 0 0.449 0.497 0 0 0 0 0 -10001 0 0
GRD V5 V 10 8 8 n 0 260.287 0 0.545 0.593 0 0 0 0 0 -10001 0 0
GRD V6 V 11 9 9 n 0 260.417 0 0.641 0.689 0 0 0 0 0 -10001 0 0
GRD V7 V 12 10 10 n 0 178.571 0 0.769 0.849 0 0 0 0 0 -10001 0 0
GRD V8 V 13 11 11 n 0 178.571 0 0.929 1.009 0 0 0 0 0 -10001 0 0
GRD V9 V 14 12 12 n 0 178.571 0 1.089 1.169 0 0 0 0 0 -10001 0 0
GRD V10 V 15 13 13 n 0 119.275 0 1.329 1.489 0 0 0 0 0 -10001 0 0
GRD V11 V 16 14 14 n 0 118.371 0 1.649 1.809 0 0 0 0 0 -10001 0 0
GRD V12 V 17 15 15 n 0 162.76 0 2.129 2.449 0 0 0 0 0 -10001 0 0
GRD VRDL V 18 16 16 n 0 162.76 0 2.769 3.089 0 0 0 0 0 -10001 0 0

DB SUBSTRATENWELL C 1 1 1 -1 0 0 0 0 0 F 0 0 0 0 SUBSTRATE
DB SUBSTRATEPWELL C 2 2 2 -1 0 0 0 0 0 F 0 0 0 0 SUBSTRATE
DB SUBSTRATEVNW C 3 3 3 -1 0 0 0 0 0 F 0 0 0 0 SUBSTRATE
DB SUBSTRATEVPW C 4 4 4 -1 0 0 0 0 0 F 0 0 0 0 SUBSTRATE
DB ACTNFINS CDdm 5 5 5 10 0 0 0 0 0 F 0 0 0 0 ACT
DB ACTPFINS CDdm 6 6 6 10 0 0 0 0 0 F 0 0 0 0 ACT
DB GATEPOLY CDcgm 7 7 7 6.9565 0 0 0 0 0 F 0 0 0 0 GATE
DB M0A C 8 8 8 10 0 0 0 0 0 F 0 0 0 0 M0A
DB M0B C 9 9 9 5.926 0 0 0 0 0 F 0 0 0 0 M0B
DB M1 C 10 10 10 5.33 0 0 0 0 0 F 0 0 0 0 M1
DB M2 C 11 11 11 5.33 0 0 0 0 0 F 0 0 0 0 M2
DB M3 C 12 12 12 5.33 0 0 0 0 0 F 0 0 0 0 M3
DB M4 C 13 13 13 1.667 0 0 0 0 0 F 0 0 0 0 M4
DB M5 C 14 14 14 1.667 0 0 0 0 0 F 0 0 0 0 M5
DB M6 C 15 15 15 1.667 0 0 0 0 0 F 0 0 0 0 M6
DB M7 C 16 16 16 0.875 0 0 0 0 0 F 0 0 0 0 M7
DB M8 C 17 17 17 0.875 0 0 0 0 0 F 0 0 0 0 M8
DB M9 C 18 18 18 0.875 0 0 0 0 0 F 0 0 0 0 M9
DB M10 C 19 19 19 0.32875 0 0 0 0 0 F 0 0 0 0 M10
DB M11 C 20 20 20 0.32875 0 0 0 0 0 F 0 0 0 0 M11
DB M12 C 21 21 21 0.059375 0 0 0 0 0 F 0 0 0 0 M12
DB M13 C 22 22 22 0.059375 0 0 0 0 0 F 0 0 0 0 M13
DB RDL C 23 23 23 0.016875 0 0 0 0 0 F 0 0 0 0 RDL
DB BPR C 24 24 24 0.7778 0 0 0 0 0 F 0 0 0 0 BPR
DB VBPR V 25 8 24 0.00504 0 0 0 0 0 F 0 0 0 0 VBPR
DB GCON V 26 9 7 0.00367965 0 0 0 0 0 F 0 0 0 0 GCON
DB V0A V 27 9 8 0.00367913 0 0 0 0 0 F 0 0 0 0 V0A
DB V0B V 28 10 9 0.0048 0 0 0 0 0 F 0 0 0 0 V0B
DB V1 V 29 11 10 0.00479925 0 0 0 0 0 F 0 0 0 0 V1
DB V2 V 30 12 11 0.00479925 0 0 0 0 0 F 0 0 0 0 V2
DB V3 V 31 13 12 0.0047988 0 0 0 0 0 F 0 0 0 0 V3
DB V4 V 32 14 13 0.00384192 0 0 0 0 0 F 0 0 0 0 V4
DB V5 V 33 15 14 0.00384192 0 0 0 0 0 F 0 0 0 0 V5
DB V6 V 34 16 15 0.00384 0 0 0 0 0 F 0 0 0 0 V6
DB V7 V 35 17 16 0.0056 0 0 0 0 0 F 0 0 0 0 V7
DB V8 V 36 18 17 0.0056 0 0 0 0 0 F 0 0 0 0 V8
DB V9 V 37 19 18 0.0056 0 0 0 0 0 F 0 0 0 0 V9
DB V10 V 38 20 19 0.008384 0 0 0 0 0 F 0 0 0 0 V10
DB V11 V 39 21 20 0.008448 0 0 0 0 0 F 0 0 0 0 V11
DB V12 V 40 22 21 0.006144 0 0 0 0 0 F 0 0 0 0 V12
DB VRDL V 41 23 22 0.006144 0 0 0 0 0 F 0 0 0 0 VRDL


