1
1 31 9.06016e-16
2 3.32014e-17
4 7.91631e-17
5 5.90369e-17
6 8.50151e-17
7 2.88529e-17
8 8.17599e-17
9 9.71566e-17
10 5.49452e-17
11 3.88662e-17
12 6.84875e-17
13 6.08575e-17
14 5.60038e-17
15 3.40817e-17
16 6.48594e-17
17 4.50537e-17
18 5.3952e-17
19 3.62033e-17
20 4.75468e-17
21 3.29958e-17
22 3.76905e-17
23 3.18637e-17
48 1.26288e-17
49 1.27355e-17
50 1.24461e-17
54 1.26655e-17
55 1.22293e-17
56 1.28606e-17
60 1.21336e-17
61 1.28267e-17
86 5.82862e-17
108 3.57881e-17
2 26 3.67099e-16
1 3.32014e-17
3 9.31632e-17
8 6.16435e-17
10 5.56272e-17
12 2.62331e-17
15 3.1351e-17
16 2.47365e-17
64 1.91126e-17
65 2.14629e-17
66 2.26618e-17
67 2.14356e-17
82 7.09501e-18
111 1.55161e-17
112 1.12294e-17
113 1.40112e-17
114 1.1109e-17
115 1.1066e-17
116 1.39837e-17
117 9.47407e-18
118 1.4064e-17
119 1.46598e-17
121 1.44507e-17
123 1.46594e-17
125 1.40099e-17
139 1.21519e-16
140 9.33429e-17
3 19 4.0096e-16
2 9.31632e-17
16 4.25392e-17
32 2.04917e-17
64 1.0463e-17
65 1.96783e-17
66 1.89972e-17
67 1.90249e-17
119 9.07499e-18
120 1.32759e-17
121 9.07805e-18
122 1.32962e-17
123 9.07498e-18
124 1.32759e-17
125 9.12875e-18
126 1.31411e-17
140 1.85643e-17
145 2.82226e-18
170 2.62479e-17
207 5.50243e-18
4 16 1.91777e-16
1 7.91631e-17
5 3.95745e-17
6 6.61466e-17
7 2.26126e-17
51 9.6089e-18
52 9.46189e-18
53 9.46493e-18
57 9.46493e-18
58 9.45951e-18
59 9.46235e-18
62 9.45805e-18
63 9.48759e-18
86 2.85474e-17
108 1.57972e-16
109 1.97099e-17
110 2.9796e-17
5 14 1.96717e-16
1 5.90369e-17
4 3.95745e-17
6 4.21104e-17
48 4.51868e-17
50 4.4321e-17
51 2.51637e-17
53 2.47771e-17
55 4.45071e-17
58 2.47693e-17
60 4.41814e-17
62 2.47749e-17
86 2.07292e-17
108 6.51931e-17
110 3.51411e-17
6 15 1.70722e-16
1 8.50151e-17
4 6.61466e-17
5 4.21104e-17
7 7.21775e-17
48 1.54047e-17
49 1.40897e-17
51 1.92523e-17
52 1.88424e-17
55 1.47649e-17
56 1.38218e-17
58 1.8564e-17
59 1.8261e-17
108 3.41535e-17
109 5.5097e-17
110 8.40481e-17
7 13 2.31538e-16
1 2.88529e-17
4 2.26126e-17
6 7.21775e-17
48 1.64716e-17
49 1.63724e-17
50 1.62718e-17
51 1.87404e-17
52 1.89378e-17
53 1.87487e-17
54 1.43117e-17
57 1.82747e-17
109 6.98372e-17
110 8.77051e-17
8 7 5.43152e-16
1 8.17599e-17
2 6.16435e-17
20 6.75609e-17
21 7.58227e-17
32 1.90558e-17
67 4.35811e-18
140 4.8878e-17
9 9 5.82066e-16
1 9.71566e-17
12 3.52565e-17
17 3.67413e-17
21 5.07524e-17
22 1.08324e-16
25 4.02054e-18
27 3.20521e-18
111 5.25497e-18
121 9.15257e-19
10 8 5.41725e-16
1 5.49452e-17
2 5.56272e-17
12 2.53002e-17
13 2.43154e-17
22 5.35931e-17
23 7.63993e-17
47 1.66285e-17
113 6.06097e-18
11 12 3.86402e-16
1 3.88662e-17
13 7.39808e-17
14 6.12806e-17
33 1.87373e-17
35 1.87734e-17
37 1.87734e-17
39 1.87735e-17
41 1.87734e-17
43 1.87734e-17
45 1.87734e-17
47 1.9365e-17
120 7.88897e-19
12 8 5.15913e-16
1 6.84875e-17
2 2.62331e-17
9 3.52565e-17
10 2.53002e-17
19 6.07207e-17
20 7.4889e-17
66 6.50086e-18
123 9.15257e-19
13 7 5.77179e-16
1 6.08575e-17
10 2.43154e-17
11 7.39808e-17
23 6.92607e-17
29 3.00567e-18
116 5.89828e-18
119 9.15257e-19
14 5 5.61392e-16
1 5.60038e-17
11 6.12806e-17
31 1.60815e-18
47 1.62862e-17
118 5.3821e-18
15 19 2.68872e-16
1 3.40817e-17
2 3.1351e-17
16 5.69806e-17
32 1.87124e-17
33 1.93633e-17
34 1.88826e-17
35 1.93649e-17
36 1.8874e-17
37 1.93599e-17
38 1.88741e-17
39 1.93355e-17
40 1.88303e-17
41 1.93096e-17
42 1.88299e-17
43 1.93095e-17
44 1.88303e-17
45 1.93095e-17
46 1.88924e-17
47 1.95744e-17
16 5 4.5842e-16
1 6.48594e-17
2 2.47365e-17
3 4.25392e-17
15 5.69806e-17
17 6.77354e-17
17 12 4.05189e-16
1 4.50537e-17
9 3.67413e-17
16 6.77354e-17
18 5.59627e-17
33 1.98124e-17
35 1.98178e-17
37 1.98178e-17
39 1.98178e-17
41 1.98178e-17
43 1.98141e-17
45 1.98178e-17
47 2.42926e-17
18 5 5.04066e-16
1 5.3952e-17
17 5.59627e-17
19 8.99465e-17
32 1.75692e-17
47 1.81413e-17
19 12 4.06039e-16
1 3.62033e-17
12 6.07207e-17
18 8.99465e-17
21 4.34263e-17
33 1.88242e-17
35 1.88242e-17
37 1.88242e-17
39 1.88242e-17
41 1.88242e-17
43 1.88242e-17
45 1.88242e-17
47 1.89366e-17
20 13 4.36226e-16
1 4.75468e-17
8 6.75609e-17
12 7.4889e-17
22 2.8889e-17
32 1.68326e-17
33 2.02276e-17
35 2.02677e-17
37 2.02677e-17
39 2.02678e-17
41 2.02677e-17
43 2.02629e-17
45 2.02677e-17
47 3.14923e-17
21 13 4.11947e-16
1 3.29958e-17
8 7.58227e-17
9 5.07524e-17
19 4.34263e-17
32 1.69062e-17
33 1.94257e-17
35 1.94257e-17
37 1.94257e-17
39 1.94258e-17
41 1.94257e-17
43 1.94257e-17
45 1.94257e-17
47 1.97004e-17
22 13 3.95221e-16
1 3.76905e-17
9 1.08324e-16
10 5.35931e-17
20 2.8889e-17
33 1.83938e-17
35 1.84299e-17
37 1.84299e-17
39 1.84299e-17
41 1.84299e-17
43 1.84299e-17
45 1.84299e-17
47 1.97613e-17
122 7.88897e-19
23 11 3.92416e-16
1 3.18637e-17
10 7.63993e-17
13 6.92607e-17
33 1.98169e-17
35 1.98223e-17
37 1.98223e-17
39 1.98224e-17
41 1.98223e-17
43 1.98186e-17
45 1.98223e-17
47 1.99205e-17
24 4 3.43175e-17
170 1.40957e-17
205 4.31872e-19
209 1.85698e-17
210 1.69579e-17
25 2 2.05559e-17
9 4.02054e-18
77 2.18549e-17
26 4 3.46269e-17
170 1.42438e-17
194 4.31872e-19
198 1.85819e-17
199 1.71075e-17
27 2 1.89966e-17
9 3.20521e-18
76 2.20565e-17
28 4 3.49241e-17
170 1.44288e-17
183 4.31872e-19
187 1.85819e-17
188 1.7242e-17
29 2 2.01291e-17
13 3.00567e-18
75 2.19596e-17
30 4 3.52419e-17
170 1.09596e-17
172 4.82142e-19
176 1.86323e-17
177 1.76223e-17
31 2 1.86685e-17
14 1.60815e-18
74 2.31862e-17
32 24 2.6166e-16
3 2.04917e-17
8 1.90558e-17
15 1.87124e-17
18 1.75692e-17
20 1.68326e-17
21 1.69062e-17
82 2.3235e-17
140 4.53316e-17
141 1.2025e-17
142 6.20394e-18
143 1.21088e-17
144 6.03046e-18
145 1.20186e-17
146 6.05629e-18
147 1.23579e-17
148 6.30814e-18
149 1.20665e-17
150 6.12244e-18
151 1.20322e-17
152 6.04383e-18
153 1.20414e-17
154 6.07541e-18
155 1.19351e-17
156 6.19535e-18
33 26 1.75926e-16
11 1.87373e-17
15 1.93633e-17
17 1.98124e-17
19 1.88242e-17
20 2.02276e-17
21 1.94257e-17
22 1.83938e-17
23 1.98169e-17
34 1.18957e-16
91 2.42426e-17
311 5.99196e-18
320 1.25259e-17
321 5.86113e-18
322 1.27792e-17
323 5.79874e-18
324 1.27096e-17
325 5.88004e-18
326 1.28617e-17
503 5.89724e-18
512 1.25271e-17
513 5.79711e-18
514 1.26892e-17
515 5.87913e-18
516 1.25763e-17
517 5.82667e-18
518 1.27735e-17
34 19 2.98916e-16
15 1.88826e-17
33 1.18957e-16
81 2.31445e-17
312 1.20485e-17
313 6.14999e-18
314 1.20928e-17
315 6.01587e-18
316 1.20747e-17
317 6.10567e-18
318 1.23905e-17
319 6.08301e-18
504 1.20572e-17
505 6.06694e-18
506 1.20619e-17
507 6.11153e-18
508 1.20954e-17
509 6.02086e-18
510 1.20933e-17
511 6.16568e-18
35 26 1.74173e-16
11 1.87734e-17
15 1.93649e-17
17 1.98178e-17
19 1.88242e-17
20 2.02677e-17
21 1.94257e-17
22 1.84299e-17
23 1.98223e-17
36 1.18991e-16
90 2.42425e-17
245 1.26447e-17
246 5.86113e-18
247 1.27792e-17
248 5.79874e-18
249 1.27096e-17
250 5.88004e-18
251 1.29593e-17
252 5.99196e-18
293 1.27286e-17
294 5.79711e-18
295 1.26892e-17
296 5.87913e-18
297 1.27789e-17
298 5.82667e-18
299 1.27735e-17
300 5.89724e-18
36 19 2.99074e-16
15 1.8874e-17
35 1.18991e-16
80 2.31445e-17
253 1.20485e-17
254 6.14999e-18
255 1.20928e-17
256 6.01587e-18
257 1.20747e-17
258 6.10567e-18
259 1.23905e-17
260 6.08301e-18
301 1.20572e-17
302 6.06693e-18
303 1.20619e-17
304 6.11153e-18
305 1.20954e-17
306 6.02086e-18
307 1.20933e-17
308 6.16568e-18
37 26 1.7433e-16
11 1.87734e-17
15 1.93599e-17
17 1.98178e-17
19 1.88242e-17
20 2.02677e-17
21 1.94257e-17
22 1.84299e-17
23 1.98223e-17
38 1.18991e-16
89 2.42364e-17
359 5.99196e-18
368 1.26447e-17
369 5.86113e-18
370 1.27792e-17
371 5.79874e-18
372 1.27096e-17
373 5.88004e-18
374 1.29959e-17
551 5.89724e-18
560 1.27286e-17
561 5.79711e-18
562 1.26892e-17
563 5.87913e-18
564 1.27789e-17
565 5.82667e-18
566 1.27735e-17
38 19 2.991e-16
15 1.88741e-17
37 1.18991e-16
79 2.31436e-17
360 1.20488e-17
361 6.15056e-18
362 1.20931e-17
363 6.01674e-18
364 1.2075e-17
365 6.10654e-18
366 1.23908e-17
367 6.08381e-18
552 1.20575e-17
553 6.0675e-18
554 1.20622e-17
555 6.11209e-18
556 1.20957e-17
557 6.02142e-18
558 1.20936e-17
559 6.16624e-18
39 26 1.74287e-16
11 1.87735e-17
15 1.93355e-17
17 1.98178e-17
19 1.88242e-17
20 2.02678e-17
21 1.94258e-17
22 1.84299e-17
23 1.98224e-17
40 1.18991e-16
88 2.42099e-17
215 1.26892e-17
216 5.83295e-18
217 1.27789e-17
218 5.78049e-18
219 1.27735e-17
220 5.89724e-18
261 1.26447e-17
262 5.86113e-18
263 1.27792e-17
264 5.75256e-18
265 1.27096e-17
266 5.83386e-18
267 1.29959e-17
268 5.99196e-18
309 1.27286e-17
310 5.79711e-18
40 19 2.99124e-16
15 1.88303e-17
39 1.18991e-16
78 2.31445e-17
221 1.20572e-17
222 6.06694e-18
223 1.20619e-17
224 6.11153e-18
225 1.20954e-17
226 6.02086e-18
227 1.20933e-17
228 6.16568e-18
269 1.20485e-17
270 6.14999e-18
271 1.20928e-17
272 6.01587e-18
273 1.20747e-17
274 6.10567e-18
275 1.23905e-17
276 6.08559e-18
41 26 1.7431e-16
11 1.87734e-17
15 1.93096e-17
17 1.98178e-17
19 1.88242e-17
20 2.02677e-17
21 1.94257e-17
22 1.84299e-17
23 1.98223e-17
42 1.18991e-16
87 2.42696e-17
407 5.99239e-18
416 1.26447e-17
417 5.86113e-18
418 1.27792e-17
419 5.79874e-18
420 1.27096e-17
421 5.88004e-18
422 1.29968e-17
599 5.89724e-18
608 1.27286e-17
609 5.79711e-18
610 1.26892e-17
611 5.87913e-18
612 1.27789e-17
613 5.82667e-18
614 1.27735e-17
42 19 2.99131e-16
15 1.88299e-17
41 1.18991e-16
83 2.31683e-17
408 1.20485e-17
409 6.14999e-18
410 1.20928e-17
411 6.01587e-18
412 1.20747e-17
413 6.10567e-18
414 1.23905e-17
415 6.08559e-18
600 1.20572e-17
601 6.06694e-18
602 1.20619e-17
603 6.11153e-18
604 1.20954e-17
605 6.02086e-18
606 1.20933e-17
607 6.16568e-18
43 26 1.7433e-16
11 1.87734e-17
15 1.93095e-17
17 1.98141e-17
19 1.88242e-17
20 2.02629e-17
21 1.94257e-17
22 1.84299e-17
23 1.98186e-17
44 1.18991e-16
92 2.42426e-17
229 1.27286e-17
230 5.79711e-18
231 1.26854e-17
232 5.87913e-18
233 1.27789e-17
234 5.82667e-18
235 1.27735e-17
236 5.89724e-18
277 1.26421e-17
278 5.86113e-18
279 1.27792e-17
280 5.79874e-18
281 1.27058e-17
282 5.88004e-18
283 1.29968e-17
284 5.99239e-18
44 19 2.99181e-16
15 1.88303e-17
43 1.18991e-16
84 2.31445e-17
237 1.20572e-17
238 6.06694e-18
239 1.20619e-17
240 6.11153e-18
241 1.20954e-17
242 6.02086e-18
243 1.20933e-17
244 6.16568e-18
285 1.20485e-17
286 6.14999e-18
287 1.20928e-17
288 6.01587e-18
289 1.20747e-17
290 6.10567e-18
291 1.23905e-17
292 6.08559e-18
45 26 1.74098e-16
11 1.87734e-17
15 1.93095e-17
17 1.98178e-17
19 1.88242e-17
20 2.02677e-17
21 1.94257e-17
22 1.84299e-17
23 1.98223e-17
46 1.1899e-16
93 2.42426e-17
455 5.99239e-18
464 1.26447e-17
465 5.86113e-18
466 1.27792e-17
467 5.79874e-18
468 1.27096e-17
469 5.88004e-18
470 1.29968e-17
647 5.89724e-18
656 1.27286e-17
657 5.79711e-18
658 1.26892e-17
659 5.87913e-18
660 1.27789e-17
661 5.82667e-18
662 1.27735e-17
46 19 2.988e-16
15 1.88924e-17
45 1.1899e-16
85 2.31536e-17
456 1.20485e-17
457 6.14999e-18
458 1.20928e-17
459 6.01587e-18
460 1.20747e-17
461 6.10567e-18
462 1.23905e-17
463 6.08559e-18
648 1.20572e-17
649 6.06694e-18
650 1.20619e-17
651 6.11153e-18
652 1.20954e-17
653 6.02086e-18
654 1.20933e-17
655 6.16568e-18
47 28 1.62431e-16
10 1.66285e-17
11 1.9365e-17
14 1.62862e-17
15 1.95744e-17
17 2.42926e-17
18 1.81413e-17
19 1.89366e-17
20 3.14923e-17
21 1.97004e-17
22 1.97613e-17
23 1.99205e-17
71 5.899e-18
72 1.28409e-17
73 5.95092e-18
94 2.4324e-17
157 1.25524e-17
158 5.93943e-18
159 1.28451e-17
160 5.86033e-18
161 1.27457e-17
162 5.93381e-18
163 1.28449e-17
164 6.0432e-18
165 1.26598e-17
166 5.87545e-18
167 1.26844e-17
168 5.93597e-18
169 1.26551e-17
48 8 1.02389e-16
1 1.26288e-17
5 4.51868e-17
6 1.54047e-17
7 1.64716e-17
51 1.5714e-17
52 6.37773e-18
86 8.74299e-18
91 2.18469e-17
49 8 1.05371e-16
1 1.27355e-17
6 1.40897e-17
7 1.63724e-17
52 1.56595e-17
53 6.37318e-18
86 8.40635e-18
90 2.18469e-17
108 4.40062e-17
50 8 1.05216e-16
1 1.24461e-17
5 4.4321e-17
7 1.62718e-17
53 1.56089e-17
57 6.37208e-18
86 8.27966e-18
89 2.18285e-17
110 1.51289e-17
51 6 1.03145e-16
4 9.6089e-18
5 2.51637e-17
6 1.92523e-17
7 1.87404e-17
48 1.5714e-17
82 2.13105e-17
52 7 1.02858e-16
4 9.46189e-18
6 1.88424e-17
7 1.89378e-17
48 6.37773e-18
49 1.56595e-17
81 2.12609e-17
108 2.50586e-17
53 7 1.03705e-16
4 9.46493e-18
5 2.47771e-17
7 1.87487e-17
49 6.37318e-18
50 1.56089e-17
80 2.12609e-17
110 1.87205e-17
54 8 1.08387e-16
1 1.26655e-17
7 1.43117e-17
57 1.55175e-17
58 6.35076e-18
86 8.28573e-18
88 2.18181e-17
108 4.37304e-17
110 1.41982e-17
55 8 1.07591e-16
1 1.22293e-17
5 4.45071e-17
6 1.47649e-17
58 1.51827e-17
59 6.34996e-18
86 8.67726e-18
87 2.18469e-17
109 1.56819e-17
56 8 1.09082e-16
1 1.28606e-17
6 1.38218e-17
59 1.51817e-17
62 6.34996e-18
86 8.40596e-18
92 2.18469e-17
108 4.3613e-17
109 1.5679e-17
57 7 1.04125e-16
4 9.46493e-18
7 1.82747e-17
50 6.37208e-18
54 1.55175e-17
79 2.12609e-17
108 2.47926e-17
110 1.85269e-17
58 7 1.0562e-16
4 9.45951e-18
5 2.47693e-17
6 1.8564e-17
54 6.35076e-18
55 1.51827e-17
78 2.12609e-17
109 1.81771e-17
59 7 1.05903e-16
4 9.46235e-18
6 1.8261e-17
55 6.34996e-18
56 1.51817e-17
83 2.12609e-17
108 2.47747e-17
109 1.81767e-17
60 8 1.0758e-16
1 1.21336e-17
5 4.41814e-17
62 1.51767e-17
63 6.34864e-18
86 8.24107e-18
93 2.18469e-17
109 1.55196e-17
110 1.50509e-17
61 7 1.08649e-16
1 1.28267e-17
63 1.49721e-17
86 8.6501e-18
94 2.19551e-17
108 4.46463e-17
109 1.437e-17
110 1.43584e-17
62 7 1.05445e-16
4 9.45805e-18
5 2.47749e-17
56 6.34996e-18
60 1.51767e-17
84 2.12609e-17
109 1.81475e-17
110 1.86657e-17
63 7 1.05726e-16
4 9.48759e-18
60 6.34864e-18
61 1.49721e-17
85 2.12597e-17
108 2.48194e-17
109 1.76814e-17
110 1.86988e-17
64 5 4.32197e-17
2 1.91126e-17
3 1.0463e-17
77 2.18101e-17
125 8.54715e-19
140 1.66198e-17
65 4 5.12556e-17
2 2.14629e-17
3 1.96783e-17
76 2.14943e-17
140 1.64258e-17
66 5 4.96657e-17
2 2.26618e-17
3 1.89972e-17
12 6.50086e-18
75 2.15072e-17
140 1.48363e-17
67 5 4.82649e-17
2 2.14356e-17
3 1.90249e-17
8 4.35811e-18
74 2.15241e-17
140 1.63732e-17
71 3 3.10246e-17
47 5.899e-18
169 3.0727e-17
653 5.20112e-18
72 3 2.19381e-17
47 1.28409e-17
73 3.06841e-17
654 4.07592e-18
73 3 3.10279e-17
47 5.95092e-18
72 3.06841e-17
655 5.20579e-18
74 2 4.62995e-17
31 2.31862e-17
67 2.15241e-17
75 2 4.67938e-17
29 2.19596e-17
66 2.15072e-17
76 2 4.66937e-17
27 2.20565e-17
65 2.14943e-17
77 2 4.69111e-17
25 2.18549e-17
64 2.18101e-17
78 4 4.04545e-17
40 2.31445e-17
58 2.12609e-17
87 6.79801e-18
88 1.02768e-17
79 4 4.04545e-17
38 2.31436e-17
57 2.12609e-17
88 6.79801e-18
89 1.02768e-17
80 4 4.04545e-17
36 2.31445e-17
53 2.12609e-17
89 6.79801e-18
90 1.02768e-17
81 4 4.04545e-17
34 2.31445e-17
52 2.12609e-17
90 6.86488e-18
91 1.02769e-17
82 4 4.37229e-17
2 7.09501e-18
32 2.3235e-17
51 2.13105e-17
91 6.92576e-18
83 4 4.04546e-17
42 2.31683e-17
59 2.12609e-17
87 1.02768e-17
92 6.79801e-18
84 4 4.04775e-17
44 2.31445e-17
62 2.12609e-17
92 1.02768e-17
93 6.79801e-18
85 4 4.04776e-17
46 2.31536e-17
63 2.12597e-17
93 1.02768e-17
94 6.84248e-18
86 11 2.16903e-16
1 5.82862e-17
4 2.85474e-17
5 2.07292e-17
48 8.74299e-18
49 8.40635e-18
50 8.27966e-18
54 8.28573e-18
55 8.67726e-18
56 8.40596e-18
60 8.24107e-18
61 8.6501e-18
87 4 4.0757e-17
41 2.42696e-17
55 2.18469e-17
78 6.79801e-18
83 1.02768e-17
88 4 4.07943e-17
39 2.42099e-17
54 2.18181e-17
78 1.02768e-17
79 6.79801e-18
89 4 4.08239e-17
37 2.42364e-17
50 2.18285e-17
79 1.02768e-17
80 6.79801e-18
90 4 4.07466e-17
35 2.42425e-17
49 2.18469e-17
80 1.02768e-17
81 6.86488e-18
91 4 4.05676e-17
33 2.42426e-17
48 2.18469e-17
81 1.02769e-17
82 6.92576e-18
92 4 4.07947e-17
43 2.42426e-17
56 2.18469e-17
83 6.79801e-18
84 1.02768e-17
93 4 4.08467e-17
45 2.42426e-17
60 2.18469e-17
84 6.79801e-18
85 1.02768e-17
94 3 4.47665e-17
47 2.4324e-17
61 2.19551e-17
85 6.84248e-18
108 13 1.5686e-16
1 3.57881e-17
4 1.57972e-16
5 6.51931e-17
6 3.41535e-17
49 4.40062e-17
52 2.50586e-17
54 4.37304e-17
56 4.3613e-17
57 2.47926e-17
59 2.47747e-17
61 4.46463e-17
63 2.48194e-17
110 3.17653e-17
109 12 1.59037e-16
4 1.97099e-17
6 5.5097e-17
7 6.98372e-17
55 1.56819e-17
56 1.5679e-17
58 1.81771e-17
59 1.81767e-17
60 1.55196e-17
61 1.437e-17
62 1.81475e-17
63 1.76814e-17
110 5.701e-17
110 14 1.3705e-16
4 2.9796e-17
5 3.51411e-17
6 8.40481e-17
7 8.77051e-17
50 1.51289e-17
53 1.87205e-17
54 1.41982e-17
57 1.85269e-17
60 1.50509e-17
61 1.43584e-17
62 1.86657e-17
63 1.86988e-17
108 3.17653e-17
109 5.701e-17
111 4 4.54967e-17
2 1.55161e-17
9 5.25497e-18
139 2.40441e-17
207 1.57528e-17
112 3 3.49177e-17
2 1.12294e-17
139 2.33315e-17
208 1.26009e-17
113 4 4.68925e-17
2 1.40112e-17
10 6.06097e-18
139 2.4012e-17
196 1.57907e-17
114 3 3.64315e-17
2 1.1109e-17
139 2.33193e-17
197 1.26099e-17
115 3 3.59246e-17
2 1.1066e-17
139 2.32813e-17
186 1.26094e-17
116 4 4.70457e-17
2 1.39837e-17
13 5.89828e-18
139 2.3947e-17
185 1.57909e-17
117 3 3.60066e-17
2 9.47407e-18
139 2.42746e-17
175 1.26073e-17
118 4 4.68668e-17
2 1.4064e-17
14 5.3821e-18
139 2.41115e-17
174 1.58076e-17
119 3 3.64543e-18
2 1.46598e-17
3 9.07499e-18
13 9.15257e-19
120 3 3.41066e-18
3 1.32759e-17
11 7.88897e-19
140 1.01465e-17
121 3 3.64395e-18
2 1.44507e-17
3 9.07805e-18
9 9.15257e-19
122 3 3.37196e-18
3 1.32962e-17
22 7.88897e-19
140 1.00704e-17
123 3 3.64543e-18
2 1.46594e-17
3 9.07498e-18
12 9.15257e-19
124 2 4.20899e-18
3 1.32759e-17
140 1.01973e-17
125 3 4.01547e-18
2 1.40099e-17
3 9.12875e-18
64 8.54715e-19
126 2 4.16744e-18
3 1.31411e-17
140 1.0868e-17
139 9 1.65784e-16
2 1.21519e-16
111 2.40441e-17
112 2.33315e-17
113 2.4012e-17
114 2.33193e-17
115 2.32813e-17
116 2.3947e-17
117 2.42746e-17
118 2.41115e-17
140 12 6.00414e-17
2 9.33429e-17
3 1.85643e-17
8 4.8878e-17
32 4.53316e-17
64 1.66198e-17
65 1.64258e-17
66 1.48363e-17
67 1.63732e-17
120 1.01465e-17
122 1.00704e-17
124 1.01973e-17
126 1.0868e-17
141 3 2.24856e-17
32 1.2025e-17
142 3.07038e-17
320 4.06766e-18
142 3 3.06371e-17
32 6.20394e-18
141 3.07038e-17
321 5.19561e-18
143 3 2.23155e-17
32 1.21088e-17
144 3.08127e-17
322 4.07592e-18
144 3 3.09664e-17
32 6.03046e-18
143 3.08127e-17
323 5.19742e-18
145 4 2.23168e-17
3 2.82226e-18
32 1.20186e-17
146 3.07159e-17
324 4.07592e-18
146 3 3.05752e-17
32 6.05629e-18
145 3.07159e-17
325 5.18719e-18
147 3 2.19507e-17
32 1.23579e-17
148 3.07119e-17
326 4.07691e-18
148 3 3.08024e-17
32 6.30814e-18
147 3.07119e-17
311 5.20112e-18
149 3 2.28609e-17
32 1.20665e-17
150 3.06857e-17
512 4.06641e-18
150 3 3.06526e-17
32 6.12244e-18
149 3.06857e-17
513 5.19742e-18
151 3 2.2331e-17
32 1.20322e-17
152 3.07506e-17
514 4.07592e-18
152 3 3.08255e-17
32 6.04383e-18
151 3.07506e-17
515 5.18719e-18
153 3 2.23917e-17
32 1.20414e-17
154 3.07479e-17
516 4.07592e-18
154 3 3.06277e-17
32 6.07541e-18
153 3.07479e-17
517 5.20112e-18
155 3 2.23317e-17
32 1.19351e-17
156 3.06983e-17
518 4.07592e-18
156 3 3.08649e-17
32 6.19535e-18
155 3.06983e-17
503 5.20579e-18
157 3 2.2106e-17
47 1.25524e-17
158 3.06821e-17
456 4.06766e-18
158 3 3.12006e-17
47 5.93943e-18
157 3.06821e-17
457 5.19561e-18
159 3 2.19268e-17
47 1.28451e-17
160 3.07281e-17
458 4.07592e-18
160 3 3.10005e-17
47 5.86033e-18
159 3.07281e-17
459 5.19742e-18
161 3 2.20505e-17
47 1.27457e-17
162 3.06807e-17
460 4.07592e-18
162 3 3.11847e-17
47 5.93381e-18
161 3.06807e-17
461 5.20066e-18
163 3 2.16954e-17
47 1.28449e-17
164 3.07093e-17
462 4.07691e-18
164 3 3.07896e-17
47 6.0432e-18
163 3.07093e-17
463 5.20112e-18
165 3 2.22234e-17
47 1.26598e-17
166 3.06651e-17
648 4.06641e-18
166 3 3.1068e-17
47 5.87545e-18
165 3.06651e-17
649 5.19742e-18
167 3 2.19656e-17
47 1.26844e-17
168 3.06799e-17
650 4.07592e-18
168 3 3.11028e-17
47 5.93597e-18
167 3.06799e-17
651 5.20066e-18
169 3 2.19848e-17
47 1.26551e-17
71 3.0727e-17
652 4.07592e-18
170 28 1.9481e-16
3 2.62479e-17
24 1.40957e-17
26 1.42438e-17
28 1.44288e-17
30 1.09596e-17
171 1.88646e-17
172 3.30963e-18
174 3.34939e-18
176 1.68738e-17
177 2.43538e-17
182 1.89332e-17
183 3.30963e-18
185 3.31087e-18
186 2.9018e-18
187 1.68716e-17
188 2.62185e-17
193 1.88445e-17
194 3.30963e-18
196 3.31088e-18
197 2.88817e-18
198 1.68716e-17
199 2.6277e-17
204 1.88352e-17
205 3.30963e-18
207 4.46621e-18
208 2.88818e-18
209 1.68497e-17
210 2.63329e-17
171 4 2.83631e-17
170 1.88646e-17
173 3.28831e-18
174 2.3931e-17
176 1.60521e-17
172 3 2.00282e-18
30 4.82142e-19
170 3.30963e-18
177 3.22649e-18
173 2 2.00591e-18
171 3.28831e-18
176 3.37981e-18
174 4 2.27377e-17
118 1.58076e-17
170 3.34939e-18
171 2.3931e-17
186 1.94686e-18
175 2 3.36879e-17
117 1.26073e-17
177 1.16267e-17
176 4 1.70962e-17
30 1.86323e-17
170 1.68738e-17
171 1.60521e-17
173 3.37981e-18
177 4 4.08205e-17
30 1.76223e-17
170 2.43538e-17
172 3.22649e-18
175 1.16267e-17
182 4 2.83367e-17
170 1.89332e-17
184 3.2916e-18
185 2.39888e-17
187 1.60794e-17
183 3 2.00282e-18
28 4.31872e-19
170 3.30963e-18
188 3.22429e-18
184 2 2.01934e-18
182 3.2916e-18
187 3.37981e-18
185 4 2.26216e-17
116 1.57909e-17
170 3.31087e-18
182 2.39888e-17
197 1.9691e-18
186 4 2.86694e-17
115 1.26094e-17
170 2.9018e-18
174 1.94686e-18
188 1.1435e-17
187 4 1.71832e-17
28 1.85819e-17
170 1.68716e-17
182 1.60794e-17
184 3.37981e-18
188 4 4.03723e-17
28 1.7242e-17
170 2.62185e-17
183 3.22429e-18
186 1.1435e-17
193 4 2.83517e-17
170 1.88445e-17
195 3.28867e-18
196 2.39901e-17
198 1.60512e-17
194 3 2.00282e-18
26 4.31872e-19
170 3.30963e-18
199 3.22429e-18
195 2 2.00777e-18
193 3.28867e-18
198 3.37981e-18
196 4 2.2591e-17
113 1.57907e-17
170 3.31088e-18
193 2.39901e-17
208 1.9694e-18
197 4 2.85603e-17
114 1.26099e-17
170 2.88817e-18
185 1.9691e-18
199 1.14514e-17
198 4 1.71844e-17
26 1.85819e-17
170 1.68716e-17
193 1.60512e-17
195 3.37981e-18
199 4 4.04708e-17
26 1.71075e-17
170 2.6277e-17
194 3.22429e-18
197 1.14514e-17
204 4 2.82691e-17
170 1.88352e-17
206 3.28742e-18
207 2.38159e-17
209 1.60572e-17
205 3 2.00282e-18
24 4.31872e-19
170 3.30963e-18
210 3.22429e-18
206 2 2.01956e-18
204 3.28742e-18
209 3.37981e-18
207 4 2.16364e-17
3 5.50243e-18
111 1.57528e-17
170 4.46621e-18
204 2.38159e-17
208 4 2.85682e-17
112 1.26009e-17
170 2.88818e-18
196 1.9694e-18
210 1.1465e-17
209 4 1.72059e-17
24 1.85698e-17
170 1.68497e-17
204 1.60572e-17
206 3.37981e-18
210 4 4.05036e-17
24 1.69579e-17
170 2.63329e-17
205 3.22429e-18
208 1.1465e-17
215 4 2.09458e-17
39 1.26892e-17
216 3.06882e-17
223 3.56053e-18
554 4.07592e-18
216 4 3.00427e-17
39 5.83295e-18
215 3.06882e-17
224 3.55906e-18
555 5.20066e-18
217 4 2.08984e-17
39 1.27789e-17
218 3.07345e-17
225 3.56053e-18
556 4.07592e-18
218 4 2.99246e-17
39 5.78049e-18
217 3.07345e-17
226 3.55906e-18
557 5.20112e-18
219 4 2.09061e-17
39 1.27735e-17
220 3.06828e-17
227 3.56053e-18
558 4.07592e-18
220 4 2.99344e-17
39 5.89724e-18
219 3.06828e-17
228 3.55906e-18
559 5.20579e-18
221 4 2.16824e-17
40 1.20572e-17
222 3.07502e-17
309 3.56053e-18
608 4.06641e-18
222 4 2.98671e-17
40 6.06694e-18
221 3.07502e-17
310 3.55906e-18
609 5.19742e-18
223 4 2.14113e-17
40 1.20619e-17
215 3.56053e-18
224 3.07645e-17
610 4.07592e-18
224 4 2.97618e-17
40 6.11153e-18
216 3.55906e-18
223 3.07645e-17
611 5.20066e-18
225 4 2.1388e-17
40 1.20954e-17
217 3.56053e-18
226 3.08127e-17
612 4.07592e-18
226 4 2.98212e-17
40 6.02086e-18
218 3.55906e-18
225 3.08127e-17
613 5.20112e-18
227 4 2.13886e-17
40 1.20933e-17
219 3.56053e-18
228 3.07639e-17
614 4.07592e-18
228 4 2.97637e-17
40 6.16568e-18
220 3.55906e-18
227 3.07639e-17
599 5.20579e-18
229 4 2.11355e-17
43 1.27286e-17
230 3.06656e-17
237 3.56053e-18
600 4.06641e-18
230 4 2.99266e-17
43 5.79711e-18
229 3.06656e-17
238 3.55906e-18
601 5.19742e-18
231 4 2.09445e-17
43 1.26854e-17
232 3.06805e-17
239 3.56053e-18
602 4.07592e-18
232 4 3.00078e-17
43 5.87913e-18
231 3.06805e-17
240 3.55906e-18
603 5.20066e-18
233 4 2.08971e-17
43 1.27789e-17
234 3.07268e-17
241 3.56053e-18
604 4.07592e-18
234 4 2.98897e-17
43 5.82667e-18
233 3.07268e-17
242 3.55906e-18
605 5.20112e-18
235 4 2.09048e-17
43 1.27735e-17
236 3.06828e-17
243 3.56053e-18
606 4.07592e-18
236 4 2.9935e-17
43 5.89724e-18
235 3.06828e-17
244 3.55906e-18
607 5.20579e-18
237 4 2.16835e-17
44 1.20572e-17
229 3.56053e-18
238 3.07306e-17
656 4.06641e-18
238 4 2.98927e-17
44 6.06694e-18
230 3.55906e-18
237 3.07306e-17
657 5.19742e-18
239 4 2.14101e-17
44 1.20619e-17
231 3.56053e-18
240 3.07512e-17
658 4.07592e-18
240 4 2.97968e-17
44 6.11153e-18
232 3.55906e-18
239 3.07512e-17
659 5.20066e-18
241 4 2.13745e-17
44 1.20954e-17
233 3.56053e-18
242 3.07931e-17
660 4.07592e-18
242 4 2.98477e-17
44 6.02086e-18
234 3.55906e-18
241 3.07931e-17
661 5.20112e-18
243 4 2.13819e-17
44 1.20933e-17
235 3.56053e-18
244 3.07484e-17
662 4.07592e-18
244 4 2.97903e-17
44 6.16568e-18
236 3.55906e-18
243 3.07484e-17
647 5.20579e-18
245 4 2.10547e-17
35 1.26447e-17
246 3.06823e-17
253 3.56053e-18
312 4.06766e-18
246 4 3.00613e-17
35 5.86113e-18
245 3.06823e-17
254 3.55906e-18
313 5.19561e-18
247 4 2.08949e-17
35 1.27792e-17
248 3.07268e-17
255 3.56053e-18
314 4.07592e-18
248 4 2.99021e-17
35 5.79874e-18
247 3.07268e-17
256 3.55906e-18
315 5.19742e-18
249 4 2.09284e-17
35 1.27096e-17
250 3.06805e-17
257 3.56053e-18
316 4.07592e-18
250 4 3.00153e-17
35 5.88004e-18
249 3.06805e-17
258 3.55906e-18
317 5.20066e-18
251 4 2.06222e-17
35 1.29593e-17
252 3.0708e-17
259 3.56162e-18
318 4.07691e-18
252 4 2.97039e-17
35 5.99196e-18
251 3.0708e-17
260 3.55906e-18
319 5.20112e-18
253 4 2.14911e-17
36 1.20485e-17
245 3.56053e-18
254 3.07592e-17
368 4.06766e-18
254 4 2.98947e-17
36 6.14999e-18
246 3.55906e-18
253 3.07592e-17
369 5.19561e-18
255 4 2.13796e-17
36 1.20928e-17
247 3.56053e-18
256 3.08127e-17
370 4.07592e-18
256 4 2.98369e-17
36 6.01587e-18
248 3.55906e-18
255 3.08127e-17
371 5.19742e-18
257 4 2.13814e-17
36 1.20747e-17
249 3.56053e-18
258 3.07667e-17
372 4.07592e-18
258 4 2.98609e-17
36 6.10567e-18
250 3.55906e-18
257 3.07667e-17
373 5.20066e-18
259 4 2.09368e-17
36 1.23905e-17
251 3.56162e-18
260 3.07503e-17
374 4.07691e-18
260 4 2.9637e-17
36 6.08301e-18
252 3.55906e-18
259 3.07503e-17
359 5.20112e-18
261 4 2.10547e-17
39 1.26447e-17
262 3.06823e-17
269 3.56053e-18
360 4.06766e-18
262 4 3.00613e-17
39 5.86113e-18
261 3.06823e-17
270 3.55906e-18
361 5.19561e-18
263 4 2.08949e-17
39 1.27792e-17
264 3.07345e-17
271 3.56053e-18
362 4.07592e-18
264 4 2.99377e-17
39 5.75256e-18
263 3.07345e-17
272 3.55906e-18
363 5.19742e-18
265 4 2.09284e-17
39 1.27096e-17
266 3.06882e-17
273 3.56053e-18
364 4.07592e-18
266 4 3.00508e-17
39 5.83386e-18
265 3.06882e-17
274 3.55906e-18
365 5.20066e-18
267 4 2.06222e-17
39 1.29959e-17
268 3.0708e-17
275 3.56162e-18
366 4.07691e-18
268 4 2.97054e-17
39 5.99196e-18
267 3.0708e-17
276 3.55906e-18
367 5.20112e-18
269 4 2.15052e-17
40 1.20485e-17
261 3.56053e-18
270 3.07592e-17
416 4.06766e-18
270 4 2.98807e-17
40 6.14999e-18
262 3.55906e-18
269 3.07592e-17
417 5.19561e-18
271 4 2.13935e-17
40 1.20928e-17
263 3.56053e-18
272 3.08127e-17
418 4.07592e-18
272 4 2.98229e-17
40 6.01587e-18
264 3.55906e-18
271 3.08127e-17
419 5.19742e-18
273 4 2.1395e-17
40 1.20747e-17
265 3.56053e-18
274 3.07667e-17
420 4.07592e-18
274 4 2.98469e-17
40 6.10567e-18
266 3.55906e-18
273 3.07667e-17
421 5.20066e-18
275 4 2.09515e-17
40 1.23905e-17
267 3.56162e-18
276 3.07503e-17
422 4.07691e-18
276 4 2.9639e-17
40 6.08559e-18
268 3.55906e-18
275 3.07503e-17
407 5.20112e-18
277 4 2.10534e-17
43 1.26421e-17
278 3.06823e-17
285 3.56053e-18
408 4.06766e-18
278 4 3.00619e-17
43 5.86113e-18
277 3.06823e-17
286 3.55906e-18
409 5.19561e-18
279 4 2.08936e-17
43 1.27792e-17
280 3.07268e-17
287 3.56053e-18
410 4.07592e-18
280 4 2.99028e-17
43 5.79874e-18
279 3.07268e-17
288 3.55906e-18
411 5.19742e-18
281 4 2.09271e-17
43 1.27058e-17
282 3.06805e-17
289 3.56053e-18
412 4.07592e-18
282 4 3.00159e-17
43 5.88004e-18
281 3.06805e-17
290 3.55906e-18
413 5.20066e-18
283 4 2.06318e-17
43 1.29968e-17
284 3.0708e-17
291 3.56162e-18
414 4.07691e-18
284 4 2.97021e-17
43 5.99239e-18
283 3.0708e-17
292 3.55906e-18
415 5.20112e-18
285 4 2.15081e-17
44 1.20485e-17
277 3.56053e-18
286 3.07437e-17
464 4.06766e-18
286 4 2.99072e-17
44 6.14999e-18
278 3.55906e-18
285 3.07437e-17
465 5.19561e-18
287 4 2.13799e-17
44 1.20928e-17
279 3.56053e-18
288 3.07931e-17
466 4.07592e-18
288 4 2.98494e-17
44 6.01587e-18
280 3.55906e-18
287 3.07931e-17
467 5.19742e-18
289 4 2.13935e-17
44 1.20747e-17
281 3.56053e-18
290 3.07512e-17
468 4.07592e-18
290 4 2.98735e-17
44 6.10567e-18
282 3.55906e-18
289 3.07512e-17
469 5.20066e-18
291 4 2.09257e-17
44 1.23905e-17
283 3.56162e-18
292 3.07312e-17
470 4.07691e-18
292 4 2.96405e-17
44 6.08559e-18
284 3.55906e-18
291 3.07312e-17
455 5.20112e-18
293 4 2.11368e-17
35 1.27286e-17
294 3.06656e-17
301 3.56053e-18
504 4.06641e-18
294 4 2.99266e-17
35 5.79711e-18
293 3.06656e-17
302 3.55906e-18
505 5.19742e-18
295 4 2.09458e-17
35 1.26892e-17
296 3.06805e-17
303 3.56053e-18
506 4.07592e-18
296 4 3.00072e-17
35 5.87913e-18
295 3.06805e-17
304 3.55906e-18
507 5.20066e-18
297 4 2.08984e-17
35 1.27789e-17
298 3.07268e-17
305 3.56053e-18
508 4.07592e-18
298 4 2.9889e-17
35 5.82667e-18
297 3.07268e-17
306 3.55906e-18
509 5.20112e-18
299 4 2.09061e-17
35 1.27735e-17
300 3.06828e-17
307 3.56053e-18
510 4.07592e-18
300 4 2.99344e-17
35 5.89724e-18
299 3.06828e-17
308 3.55906e-18
511 5.20579e-18
301 4 2.16834e-17
36 1.20572e-17
293 3.56053e-18
302 3.07502e-17
560 4.06641e-18
302 4 2.98811e-17
36 6.06693e-18
294 3.55906e-18
301 3.07502e-17
561 5.19742e-18
303 4 2.13971e-17
36 1.20619e-17
295 3.56053e-18
304 3.07645e-17
562 4.07592e-18
304 4 2.97758e-17
36 6.11153e-18
296 3.55906e-18
303 3.07645e-17
563 5.20066e-18
305 4 2.1374e-17
36 1.20954e-17
297 3.56053e-18
306 3.08127e-17
564 4.07592e-18
306 4 2.98352e-17
36 6.02086e-18
298 3.55906e-18
305 3.08127e-17
565 5.20112e-18
307 4 2.13748e-17
36 1.20933e-17
299 3.56053e-18
308 3.07639e-17
566 4.07592e-18
308 4 2.97777e-17
36 6.16568e-18
300 3.55906e-18
307 3.07639e-17
551 5.20579e-18
309 4 2.11368e-17
39 1.27286e-17
221 3.56053e-18
310 3.06656e-17
552 4.06641e-18
310 4 2.99266e-17
39 5.79711e-18
222 3.55906e-18
309 3.06656e-17
553 5.19742e-18
311 4 2.97191e-17
33 5.99196e-18
148 5.20112e-18
319 3.55906e-18
326 3.0708e-17
312 4 2.14911e-17
34 1.20485e-17
245 4.06766e-18
313 3.07592e-17
320 3.56053e-18
313 4 2.98947e-17
34 6.14999e-18
246 5.19561e-18
312 3.07592e-17
321 3.55906e-18
314 4 2.13796e-17
34 1.20928e-17
247 4.07592e-18
315 3.08127e-17
322 3.56053e-18
315 4 2.98369e-17
34 6.01587e-18
248 5.19742e-18
314 3.08127e-17
323 3.55906e-18
316 4 2.13814e-17
34 1.20747e-17
249 4.07592e-18
317 3.07667e-17
324 3.56053e-18
317 4 2.98609e-17
34 6.10567e-18
250 5.20066e-18
316 3.07667e-17
325 3.55906e-18
318 4 2.09368e-17
34 1.23905e-17
251 4.07691e-18
319 3.07503e-17
326 3.56162e-18
319 4 2.9637e-17
34 6.08301e-18
252 5.20112e-18
311 3.55906e-18
318 3.07503e-17
320 4 2.10655e-17
33 1.25259e-17
141 4.06766e-18
312 3.56053e-18
321 3.06823e-17
321 4 3.00226e-17
33 5.86113e-18
142 5.19561e-18
313 3.55906e-18
320 3.06823e-17
322 4 2.09033e-17
33 1.27792e-17
143 4.07592e-18
314 3.56053e-18
323 3.07268e-17
323 4 2.99059e-17
33 5.79874e-18
144 5.19742e-18
315 3.55906e-18
322 3.07268e-17
324 4 2.09418e-17
33 1.27096e-17
145 4.07592e-18
316 3.56053e-18
325 3.06805e-17
325 4 2.9954e-17
33 5.88004e-18
146 5.18719e-18
317 3.55906e-18
324 3.06805e-17
326 4 2.06421e-17
33 1.28617e-17
147 4.07691e-18
311 3.0708e-17
318 3.56162e-18
359 4 2.97047e-17
37 5.99196e-18
260 5.20112e-18
367 3.55906e-18
374 3.07067e-17
360 4 2.15054e-17
38 1.20488e-17
261 4.06766e-18
361 3.07592e-17
368 3.56053e-18
361 4 2.98807e-17
38 6.15056e-18
262 5.19561e-18
360 3.07592e-17
369 3.55906e-18
362 4 2.13938e-17
38 1.20931e-17
263 4.07592e-18
363 3.08127e-17
370 3.56053e-18
363 4 2.98229e-17
38 6.01674e-18
264 5.19742e-18
362 3.08127e-17
371 3.55906e-18
364 4 2.13954e-17
38 1.2075e-17
265 4.07592e-18
365 3.07667e-17
372 3.56053e-18
365 4 2.98469e-17
38 6.10654e-18
266 5.20066e-18
364 3.07667e-17
373 3.55906e-18
366 4 2.09515e-17
38 1.23908e-17
267 4.07691e-18
367 3.07503e-17
374 3.56162e-18
367 4 2.96385e-17
38 6.08381e-18
268 5.20112e-18
359 3.55906e-18
366 3.07503e-17
368 4 2.10513e-17
37 1.26447e-17
253 4.06766e-18
360 3.56053e-18
369 3.0681e-17
369 4 3.00613e-17
37 5.86113e-18
254 5.19561e-18
361 3.55906e-18
368 3.0681e-17
370 4 2.08915e-17
37 1.27792e-17
255 4.07592e-18
362 3.56053e-18
371 3.07255e-17
371 4 2.99021e-17
37 5.79874e-18
256 5.19742e-18
363 3.55906e-18
370 3.07255e-17
372 4 2.0925e-17
37 1.27096e-17
257 4.07592e-18
364 3.56053e-18
373 3.06792e-17
373 4 3.00153e-17
37 5.88004e-18
258 5.20066e-18
365 3.55906e-18
372 3.06792e-17
374 4 2.06187e-17
37 1.29959e-17
259 4.07691e-18
359 3.07067e-17
366 3.56162e-18
407 4 2.97014e-17
41 5.99239e-18
276 5.20112e-18
415 3.55906e-18
422 3.0708e-17
408 4 2.14902e-17
42 1.20485e-17
277 4.06766e-18
409 3.0759e-17
416 3.56053e-18
409 4 2.98944e-17
42 6.14999e-18
278 5.19561e-18
408 3.0759e-17
417 3.55906e-18
410 4 2.13781e-17
42 1.20928e-17
279 4.07592e-18
411 3.08125e-17
418 3.56053e-18
411 4 2.98367e-17
42 6.01587e-18
280 5.19742e-18
410 3.08125e-17
419 3.55906e-18
412 4 2.13798e-17
42 1.20747e-17
281 4.07592e-18
413 3.07665e-17
420 3.56053e-18
413 4 2.98608e-17
42 6.10567e-18
282 5.20066e-18
412 3.07665e-17
421 3.55906e-18
414 4 2.09366e-17
42 1.23905e-17
283 4.07691e-18
415 3.07501e-17
422 3.56162e-18
415 4 2.96383e-17
42 6.08559e-18
284 5.20112e-18
407 3.55906e-18
414 3.07501e-17
416 4 2.10547e-17
41 1.26447e-17
269 4.06766e-18
408 3.56053e-18
417 3.06823e-17
417 4 3.00613e-17
41 5.86113e-18
270 5.19561e-18
409 3.55906e-18
416 3.06823e-17
418 4 2.08949e-17
41 1.27792e-17
271 4.07592e-18
410 3.56053e-18
419 3.07268e-17
419 4 2.99021e-17
41 5.79874e-18
272 5.19742e-18
411 3.55906e-18
418 3.07268e-17
420 4 2.09284e-17
41 1.27096e-17
273 4.07592e-18
412 3.56053e-18
421 3.06805e-17
421 4 3.00153e-17
41 5.88004e-18
274 5.20066e-18
413 3.55906e-18
420 3.06805e-17
422 4 2.06222e-17
41 1.29968e-17
275 4.07691e-18
407 3.0708e-17
414 3.56162e-18
455 4 2.97014e-17
45 5.99239e-18
292 5.20112e-18
463 3.55906e-18
470 3.0708e-17
456 4 2.1475e-17
46 1.20485e-17
157 4.06766e-18
457 3.07592e-17
464 3.56053e-18
457 4 2.99145e-17
46 6.14999e-18
158 5.19561e-18
456 3.07592e-17
465 3.55906e-18
458 4 2.1407e-17
46 1.20928e-17
159 4.07592e-18
459 3.08127e-17
466 3.56053e-18
459 4 2.98566e-17
46 6.01587e-18
160 5.19742e-18
458 3.08127e-17
467 3.55906e-18
460 4 2.14087e-17
46 1.20747e-17
161 4.07592e-18
461 3.07667e-17
468 3.56053e-18
461 4 2.98807e-17
46 6.10567e-18
162 5.20066e-18
460 3.07667e-17
469 3.55906e-18
462 4 2.09641e-17
46 1.23905e-17
163 4.07691e-18
463 3.07503e-17
470 3.56162e-18
463 4 2.96557e-17
46 6.08559e-18
164 5.20112e-18
455 3.55906e-18
462 3.07503e-17
464 4 2.1057e-17
45 1.26447e-17
285 4.06766e-18
456 3.56053e-18
465 3.06823e-17
465 4 3.00619e-17
45 5.86113e-18
286 5.19561e-18
457 3.55906e-18
464 3.06823e-17
466 4 2.08972e-17
45 1.27792e-17
287 4.07592e-18
458 3.56053e-18
467 3.07268e-17
467 4 2.99028e-17
45 5.79874e-18
288 5.19742e-18
459 3.55906e-18
466 3.07268e-17
468 4 2.09307e-17
45 1.27096e-17
289 4.07592e-18
460 3.56053e-18
469 3.06805e-17
469 4 3.00159e-17
45 5.88004e-18
290 5.20066e-18
461 3.55906e-18
468 3.06805e-17
470 4 2.06501e-17
45 1.29968e-17
291 4.07691e-18
455 3.0708e-17
462 3.56162e-18
503 4 2.99295e-17
33 5.89724e-18
156 5.20579e-18
511 3.55906e-18
518 3.06828e-17
504 4 2.16834e-17
34 1.20572e-17
293 4.06641e-18
505 3.07502e-17
512 3.56053e-18
505 4 2.98811e-17
34 6.06694e-18
294 5.19742e-18
504 3.07502e-17
513 3.55906e-18
506 4 2.13971e-17
34 1.20619e-17
295 4.07592e-18
507 3.07645e-17
514 3.56053e-18
507 4 2.97758e-17
34 6.11153e-18
296 5.20066e-18
506 3.07645e-17
515 3.55906e-18
508 4 2.1374e-17
34 1.20954e-17
297 4.07592e-18
509 3.08127e-17
516 3.56053e-18
509 4 2.98352e-17
34 6.02086e-18
298 5.20112e-18
508 3.08127e-17
517 3.55906e-18
510 4 2.13748e-17
34 1.20933e-17
299 4.07592e-18
511 3.07639e-17
518 3.56053e-18
511 4 2.97777e-17
34 6.16568e-18
300 5.20579e-18
503 3.55906e-18
510 3.07639e-17
512 4 2.11564e-17
33 1.25271e-17
149 4.06641e-18
504 3.56053e-18
513 3.06656e-17
513 4 2.99415e-17
33 5.79711e-18
150 5.19742e-18
505 3.55906e-18
512 3.06656e-17
514 4 2.09479e-17
33 1.26892e-17
151 4.07592e-18
506 3.56053e-18
515 3.06805e-17
515 4 2.99346e-17
33 5.87913e-18
152 5.18719e-18
507 3.55906e-18
514 3.06805e-17
516 4 2.0918e-17
33 1.25763e-17
153 4.07592e-18
508 3.56053e-18
517 3.07268e-17
517 4 2.99039e-17
33 5.82667e-18
154 5.20112e-18
509 3.55906e-18
516 3.07268e-17
518 4 2.09145e-17
33 1.27735e-17
155 4.07592e-18
503 3.06828e-17
510 3.56053e-18
551 4 2.99344e-17
37 5.89724e-18
308 5.20579e-18
559 3.55906e-18
566 3.06815e-17
552 4 2.16828e-17
38 1.20575e-17
309 4.06641e-18
553 3.07502e-17
560 3.56053e-18
553 4 2.98671e-17
38 6.0675e-18
310 5.19742e-18
552 3.07502e-17
561 3.55906e-18
554 4 2.14115e-17
38 1.20622e-17
215 4.07592e-18
555 3.07645e-17
562 3.56053e-18
555 4 2.97618e-17
38 6.11209e-18
216 5.20066e-18
554 3.07645e-17
563 3.55906e-18
556 4 2.13882e-17
38 1.20957e-17
217 4.07592e-18
557 3.08127e-17
564 3.56053e-18
557 4 2.98212e-17
38 6.02142e-18
218 5.20112e-18
556 3.08127e-17
565 3.55906e-18
558 4 2.13889e-17
38 1.20936e-17
219 4.07592e-18
559 3.07639e-17
566 3.56053e-18
559 4 2.97637e-17
38 6.16624e-18
220 5.20579e-18
551 3.55906e-18
558 3.07639e-17
560 4 2.11333e-17
37 1.27286e-17
301 4.06641e-18
552 3.56053e-18
561 3.06643e-17
561 4 2.99266e-17
37 5.79711e-18
302 5.19742e-18
553 3.55906e-18
560 3.06643e-17
562 4 2.09423e-17
37 1.26892e-17
303 4.07592e-18
554 3.56053e-18
563 3.06792e-17
563 4 3.00071e-17
37 5.87913e-18
304 5.20066e-18
555 3.55906e-18
562 3.06792e-17
564 4 2.08949e-17
37 1.27789e-17
305 4.07592e-18
556 3.56053e-18
565 3.07255e-17
565 4 2.9889e-17
37 5.82667e-18
306 5.20112e-18
557 3.55906e-18
564 3.07255e-17
566 4 2.09027e-17
37 1.27735e-17
307 4.07592e-18
551 3.06815e-17
558 3.56053e-18
599 4 2.99344e-17
41 5.89724e-18
228 5.20579e-18
607 3.55906e-18
614 3.06828e-17
600 4 2.16817e-17
42 1.20572e-17
229 4.06641e-18
601 3.07499e-17
608 3.56053e-18
601 4 2.98811e-17
42 6.06694e-18
230 5.19742e-18
600 3.07499e-17
609 3.55906e-18
602 4 2.13965e-17
42 1.20619e-17
231 4.07592e-18
603 3.07644e-17
610 3.56053e-18
603 4 2.97761e-17
42 6.11153e-18
232 5.20066e-18
602 3.07644e-17
611 3.55906e-18
604 4 2.13726e-17
42 1.20954e-17
233 4.07592e-18
605 3.08125e-17
612 3.56053e-18
605 4 2.9835e-17
42 6.02086e-18
234 5.20112e-18
604 3.08125e-17
613 3.55906e-18
606 4 2.13733e-17
42 1.20933e-17
235 4.07592e-18
607 3.07638e-17
614 3.56053e-18
607 4 2.97775e-17
42 6.16568e-18
236 5.20579e-18
599 3.55906e-18
606 3.07638e-17
608 4 2.11368e-17
41 1.27286e-17
221 4.06641e-18
600 3.56053e-18
609 3.06656e-17
609 4 2.99266e-17
41 5.79711e-18
222 5.19742e-18
601 3.55906e-18
608 3.06656e-17
610 4 2.09458e-17
41 1.26892e-17
223 4.07592e-18
602 3.56053e-18
611 3.06805e-17
611 4 3.00072e-17
41 5.87913e-18
224 5.20066e-18
603 3.55906e-18
610 3.06805e-17
612 4 2.08984e-17
41 1.27789e-17
225 4.07592e-18
604 3.56053e-18
613 3.07268e-17
613 4 2.9889e-17
41 5.82667e-18
226 5.20112e-18
605 3.55906e-18
612 3.07268e-17
614 4 2.09061e-17
41 1.27735e-17
227 4.07592e-18
599 3.06828e-17
606 3.56053e-18
647 4 2.9935e-17
45 5.89724e-18
244 5.20579e-18
655 3.55906e-18
662 3.06828e-17
648 4 2.17107e-17
46 1.20572e-17
165 4.06641e-18
649 3.07502e-17
656 3.56053e-18
649 4 2.9901e-17
46 6.06694e-18
166 5.19742e-18
648 3.07502e-17
657 3.55906e-18
650 4 2.14086e-17
46 1.20619e-17
167 4.07592e-18
651 3.07645e-17
658 3.56053e-18
651 4 2.97956e-17
46 6.11153e-18
168 5.20066e-18
650 3.07645e-17
659 3.55906e-18
652 4 2.14014e-17
46 1.20954e-17
169 4.07592e-18
653 3.08127e-17
660 3.56053e-18
653 4 2.9855e-17
46 6.02086e-18
71 5.20112e-18
652 3.08127e-17
661 3.55906e-18
654 4 2.14022e-17
46 1.20933e-17
72 4.07592e-18
655 3.07639e-17
662 3.56053e-18
655 4 2.97975e-17
46 6.16568e-18
73 5.20579e-18
647 3.55906e-18
654 3.07639e-17
656 4 2.11391e-17
45 1.27286e-17
237 4.06641e-18
648 3.56053e-18
657 3.06656e-17
657 4 2.99272e-17
45 5.79711e-18
238 5.19742e-18
649 3.55906e-18
656 3.06656e-17
658 4 2.0948e-17
45 1.26892e-17
239 4.07592e-18
650 3.56053e-18
659 3.06805e-17
659 4 3.00078e-17
45 5.87913e-18
240 5.20066e-18
651 3.55906e-18
658 3.06805e-17
660 4 2.09006e-17
45 1.27789e-17
241 4.07592e-18
652 3.56053e-18
661 3.07268e-17
661 4 2.98896e-17
45 5.82667e-18
242 5.20112e-18
653 3.55906e-18
660 3.07268e-17
662 4 2.09084e-17
45 1.27735e-17
243 4.07592e-18
647 3.06828e-17
654 3.56053e-18
-1 -1
